7.178360653227625000e+13
7.302495514786354688e+13
7.379279880337012500e+13
7.292853598416435938e+13
7.298887895973043750e+13
7.327815821054300000e+13
7.467476156297556250e+13
7.527515807898557812e+13
7.441067883958820312e+13
7.305075964580098438e+13
7.063482846511504688e+13
7.007516193207771094e+13
7.010824110329324219e+13
6.860216699303191406e+13
6.910331355068382031e+13
6.968381436430439844e+13
6.961941212446292969e+13
7.092954690070487500e+13
7.074463282704315625e+13
7.018448305558671875e+13
6.929563952423771094e+13
6.832848405731871094e+13
6.770698914558321875e+13
6.695367311859889844e+13
6.658952556292225000e+13
6.728395958404718750e+13
6.849409656304543750e+13
6.687111902162118750e+13
6.668590230798885156e+13
6.821678776668387500e+13
6.903126153042210156e+13
6.980696661335506250e+13
6.783728857399833594e+13
6.691590784375203906e+13
6.659381184629141406e+13
6.413038582400135156e+13
6.208830803720491406e+13
6.198518239966962500e+13
6.229893374210562500e+13
6.256646432691146094e+13
6.399486189411659375e+13
6.455661390219450000e+13
6.425469335564928125e+13
6.189702084234581250e+13
6.259251310599264844e+13
6.378719583174962500e+13
6.249361197565885156e+13
6.057651349572632031e+13
5.940410109394518750e+13
5.797650424917537500e+13
5.604638254077681250e+13
5.567452599007156250e+13
5.776748824039043750e+13
5.846841450794206250e+13
5.876959776141558594e+13
5.972117203298269531e+13
5.962678576984075000e+13
5.986721459255337500e+13
5.753473775379503125e+13
5.505285511817650000e+13
5.491773673714769531e+13
5.475640951550937500e+13
5.457929829662665625e+13
5.494535426934850000e+13
5.516136147237977344e+13
5.534992878153039844e+13
5.595319028156564844e+13
5.875901827250412500e+13
5.912357984455562500e+13
5.886065355047438281e+13
5.929302956989418750e+13
5.831314040259822656e+13
5.794950362387750000e+13
5.711986808466925000e+13
5.584932216426180469e+13
5.588756198409921875e+13
5.473735273876014844e+13
5.398342885860065625e+13
5.556360415429466406e+13
5.582950344422146094e+13
5.551971744493891406e+13
5.515279272345233594e+13
5.411433996335771875e+13
5.408670005464596094e+13
5.425267926218800000e+13
5.565763841446900000e+13
5.482595054591278125e+13
5.424096277701521094e+13
5.576911029386025000e+13
5.601451286661253906e+13
5.422912815224411719e+13
5.307669036513089844e+13
5.459882867325928906e+13
5.459332490887872656e+13
5.257295713768275781e+13
5.012659731803853125e+13
4.937201807637425781e+13
4.948741508431997656e+13
4.887611353032858594e+13
4.787429031075678125e+13
4.698266815295014844e+13
4.759788275813919531e+13
4.823736183160028906e+13
4.712739773519332031e+13
4.430353514985203906e+13
4.514947586756321094e+13
4.559750379874882812e+13
4.339005880254233594e+13
4.430179687789214062e+13
4.722186631435135156e+13
4.638700768538053906e+13
4.644006050356515625e+13
4.608837464767635156e+13
4.469745294252747656e+13
4.365506897449833594e+13
4.197934125989919531e+13
4.136031345454774219e+13
4.201109357314880469e+13
4.461592756926738281e+13
4.548465839478986719e+13
4.536579050233982031e+13
4.620982613618386719e+13
4.466107528416896875e+13
4.332319916652220312e+13
4.451133702435013281e+13
4.482317393319983594e+13
4.491670223223228125e+13
4.301810873530040625e+13
4.084062309497440625e+13
3.939342846892928906e+13
3.923175282648807031e+13
3.941639544247596094e+13
4.020411234011024219e+13
4.301836409678385938e+13
4.461760678477371094e+13
4.400052822640944531e+13
4.342473811702086719e+13
4.460414204331409375e+13
4.475384312217725000e+13
4.367010055120068750e+13
4.266629930495595312e+13
4.025314883425798438e+13
3.731122668111652344e+13
3.776164119266138281e+13
3.974641148448961719e+13
4.070597888329593750e+13
3.988156907785168750e+13
3.750496998374669531e+13
3.701955114472453906e+13
3.782875291221397656e+13
3.783584237121776562e+13
3.840349966316188281e+13
3.990423096747496094e+13
3.953792596002219531e+13
3.917586485279871094e+13
3.853647297916846094e+13
3.805140486793213281e+13
3.912189464726966406e+13
3.889446388686982812e+13
3.665986303164558594e+13
3.491975339051995703e+13
3.633031639464359375e+13
3.600019735667688281e+13
3.596092134402599219e+13
3.779929010845893750e+13
3.844607270838479688e+13
3.704311394728521094e+13
3.660316585579652344e+13
3.618492140524658594e+13
3.504322521439057422e+13
3.572241417341883594e+13
3.508305993604649609e+13
3.305427749434348828e+13
3.238414904500114453e+13
3.222511828818010938e+13
3.123756491114805078e+13
3.095473850556482422e+13
3.168061827660164453e+13
3.404000032806734375e+13
3.521197726062384375e+13
3.379217218065383203e+13
3.273881524310384375e+13
3.358381862258438672e+13
3.202198626990243750e+13
3.027752435335512500e+13
2.897236640093550000e+13
2.928485469594798438e+13
3.153618493581053516e+13
3.145095541296555078e+13
2.973927860359008203e+13
2.853445173022542578e+13
2.718733768111083203e+13
2.720007517679973828e+13
2.880521516919704688e+13
2.946713225004348047e+13
2.961291070557484375e+13
3.047642292492585547e+13
3.090446154462817578e+13
3.017962702206678125e+13
2.987792814070343359e+13
2.943043648094398047e+13
2.831307596970343750e+13
2.846020886689485547e+13
2.896796801723460938e+13
2.822219264824775000e+13
2.718801919537260547e+13
2.754768138731707422e+13
2.700416110149017578e+13
2.602688952291548828e+13
2.685340996171393750e+13
2.815348484309240625e+13
2.813071729749230078e+13
2.813913800859103125e+13
2.867367073073751953e+13
2.921496361269698828e+13
2.837954835749612109e+13
2.675822983006198828e+13
2.672430543235398047e+13
2.586894411767304297e+13
2.573992769268181641e+13
2.616147671219268750e+13
2.506270826794804297e+13
2.553070384529484766e+13
2.487921352971910938e+13
2.366492937431154297e+13
2.355034402560232422e+13
2.411653279279658203e+13
2.379214000587087500e+13
2.434141112650919922e+13
2.478506874781407422e+13
2.474174780492248047e+13
2.431439093267400000e+13
2.466069983095301953e+13
2.601410870643976172e+13
2.553129188444676562e+13
2.522354277369633203e+13
2.608682448676955859e+13
2.504527988989324609e+13
2.416992732463882422e+13
2.450282894265742578e+13
2.432914452536404297e+13
2.513290313300923438e+13
2.489503920003984375e+13
2.355723957712362109e+13
2.257465559559400391e+13
2.180133509769362109e+13
2.229692788762412109e+13
2.249240184784882422e+13
2.240855751812734375e+13
2.294264436095448828e+13
2.274438563201003906e+13
2.125041625344760938e+13
1.997100627779983984e+13
2.062085228618651953e+13
2.279401882522417578e+13
2.259542316453756641e+13
2.122601702508623438e+13
2.110548891812743359e+13
2.098100615134235547e+13
2.038830090077553516e+13
1.949755213882903125e+13
1.934832304682829297e+13
2.004061744394525391e+13
2.114396375210041797e+13
2.178059386459590234e+13
2.207638264290585938e+13
2.103152452250407422e+13
1.931319251069023047e+13
1.862658828714536328e+13
1.936993438375163672e+13
2.045076673288285547e+13
1.983660078127191797e+13
1.933470913260090234e+13
1.876095705220287109e+13
1.849653292979292969e+13
1.948170507749326172e+13
2.093578339781804297e+13
2.139434849278420312e+13
2.167882422916617188e+13
2.096542680546241406e+13
1.938366772139529688e+13
1.881656252748830859e+13
1.874440744271976562e+13
1.980983797819092578e+13
2.038018787902791016e+13
2.036674082529728125e+13
1.919402795804953516e+13
1.787354456170090234e+13
1.680743179632157227e+13
1.759326332027756250e+13
1.923289337132506250e+13
1.886475494428696875e+13
1.811964081411082812e+13
1.797493768544098828e+13
1.754040512759664648e+13
1.676576300795265039e+13
1.669725828757970312e+13
1.748154846219446875e+13
1.808887199269302344e+13
1.815481788453807422e+13
1.922504996270106250e+13
1.940078266367266016e+13
1.924347363028397656e+13
1.839147913161171484e+13
1.703829120015153125e+13
1.672605172945223438e+13
1.765637163194494141e+13
1.718392010881561523e+13
1.609972763147633008e+13
1.701378717512918750e+13
1.819917699559247266e+13
1.836611794992910547e+13
1.813561195454517969e+13
1.754453548090161133e+13
1.661032375776156836e+13
1.579584427425211523e+13
1.597202876346494727e+13
1.658714502716556445e+13
1.632516221286122852e+13
1.633863024421081250e+13
1.617192647552163477e+13
1.675093893695663086e+13
1.535902368640561523e+13
1.447478335558943164e+13
1.504269631707792773e+13
1.657680572237949219e+13
1.620911617201335352e+13
1.460972426206325195e+13
1.521453895507586914e+13
1.670504781818588086e+13
1.697886862029129883e+13
1.597084896805259375e+13
1.456066669439181250e+13
1.416378252671535938e+13
1.422260426233691602e+13
1.450065844395883398e+13
1.620110547533055469e+13
1.655476529628225977e+13
1.655793328097033789e+13
1.685667673440083789e+13
1.620162938130539648e+13
1.550087396258159180e+13
1.630935351934127148e+13
1.560956710155894727e+13
1.489366559043311914e+13
1.514264856674034961e+13
1.490513117215977148e+13
1.383260824721479102e+13
1.432340204799200586e+13
1.431866164347982812e+13
1.325068030101192188e+13
1.338323468055023633e+13
1.410638183132374219e+13
1.398384413852598633e+13
1.427289632488966211e+13
1.499083156241507812e+13
1.492039251999703125e+13
1.408894298989339648e+13
1.332534735535123438e+13
1.347436864595704883e+13
1.390399250330511133e+13
1.263889179034421875e+13
1.239808296604783008e+13
1.286139195938339648e+13
1.340568213263672852e+13
1.323309925471435352e+13
1.396943550349408398e+13
1.300168486381902930e+13
1.236774179921312500e+13
1.321024694579394531e+13
1.342790817529813086e+13
1.273341941869820117e+13
1.300291463514519727e+13
1.357335352555899805e+13
1.411503134801528906e+13
1.368385589669728711e+13
1.316444462364765430e+13
1.322529816843877148e+13
1.284066911090187695e+13
1.295958102038538086e+13
1.271604378626503711e+13
1.310444529269516602e+13
1.195286018452542773e+13
1.141743351026197852e+13
1.187067401234631250e+13
1.121904547106256836e+13
1.115612606283850586e+13
1.158256125221362695e+13
1.195393810126145117e+13
1.154031656522334180e+13
1.113096943230046094e+13
1.046667142162987695e+13
1.061293251892249219e+13
1.071543254181030664e+13
1.038147167720383789e+13
1.074862539372009180e+13
9.821151030471994141e+12
9.961455475566601562e+12
9.826491554130179688e+12
1.016067037981300391e+13
1.114435873935995508e+13
1.088056414380033398e+13
1.119095070283122656e+13
1.026300290773522656e+13
9.731051343733453125e+12
9.929773172576841797e+12
9.550544861816951172e+12
9.217720113050650391e+12
9.156193528247679688e+12
9.985080452983640625e+12
1.061545778404333398e+13
1.078314739838485742e+13
1.085055442363298047e+13
1.047065020352355664e+13
1.114238928926371875e+13
1.085526916559684570e+13
9.631937896368505859e+12
9.635276434988292969e+12
9.950596678409939453e+12
1.108918026336338867e+13
1.113158765374376953e+13
1.028126034314275195e+13
9.516866859025783203e+12
9.798590594530662109e+12
9.385948945702275391e+12
9.371939475914097656e+12
9.173939412549990234e+12
9.680394687072535156e+12
8.676756802601012695e+12
8.736116876410012695e+12
8.692964807308113281e+12
8.722881408503453125e+12
9.482508509291046875e+12
1.027893131098072070e+13
9.585161713264878906e+12
8.366099332481739258e+12
8.763536700409887695e+12
9.088899178737984375e+12
8.609915585230889648e+12
8.851978164330529297e+12
8.320146955561116211e+12
9.152546123111281250e+12
9.086788580067640625e+12
9.091637501553416016e+12
9.259555555039791016e+12
9.183947021975439453e+12
9.239176711523154297e+12
9.367122932636210938e+12
9.427146284360951172e+12
8.650732765076159180e+12
9.093595474919367188e+12
9.068690140891546875e+12
9.025814406196615234e+12
9.048277668065267578e+12
8.246905098199315430e+12
9.357252179185484375e+12
8.981138697718314453e+12
7.824823426367348633e+12
8.232298637200710938e+12
8.215683184865604492e+12
7.891426552522066406e+12
7.340633463895627930e+12
7.326741723688250000e+12
8.210903872963961914e+12
7.513596948762937500e+12
7.350612840825174805e+12
7.843427796861635742e+12
7.684795816191926758e+12
8.111443086028250977e+12
7.359580729572339844e+12
7.991061061286976562e+12
8.163618058651000977e+12
7.293894184029539062e+12
6.764983899185108398e+12
7.344499653535036133e+12
7.835719335437703125e+12
7.449415362252856445e+12
6.875984060764510742e+12
6.596192622546995117e+12
6.805345140369347656e+12
6.769891778328139648e+12
6.456022009636484375e+12
6.423282589480148438e+12
6.818085973014774414e+12
7.152785319480003906e+12
7.578600883946867188e+12
7.256029854389942383e+12
6.250022469790800781e+12
6.839548951836932617e+12
7.679467932656713867e+12
7.646409214140085938e+12
7.135231070814489258e+12
7.233839353368523438e+12
7.228471222544722656e+12
6.851565284173375000e+12
5.907036276364031250e+12
5.512021734722937500e+12
5.896532195700757812e+12
