5.392605778258229066e+00
5.777174284993395581e+00
5.957834270478445937e+00
6.402193060604876251e+00
6.557822744455376274e+00
6.603910307467455887e+00
6.340472107609485874e+00
6.228526180093491682e+00
6.454586831642007638e+00
6.811451899842952962e+00
7.498270507631549009e+00
7.776025823827178662e+00
7.826860349243060178e+00
8.330238060523639021e+00
8.314073138529314733e+00
8.132849059930853386e+00
8.218423051164565507e+00
7.849019905673853437e+00
7.870300159589791456e+00
8.045747267073890541e+00
8.287472596904557065e+00
8.612125098312299443e+00
8.801602743129670614e+00
9.037357477650870052e+00
9.123689975526341200e+00
8.943993250662833461e+00
8.607652333189196980e+00
9.036652531421955459e+00
9.103363227758048737e+00
8.700890836904548564e+00
8.481890388203291664e+00
8.214997436248454576e+00
8.732555227816570564e+00
9.042453525593460384e+00
9.117378308421884014e+00
9.774887008305498171e+00
1.036312922262766456e+01
1.048703569849832995e+01
1.039735502748223617e+01
1.036169890561305351e+01
9.960337285506675187e+00
9.803853128012070428e+00
9.841583739237591999e+00
1.048427628159119429e+01
1.036399192407148639e+01
1.003392275226559249e+01
1.033888478404131739e+01
1.087511952425054496e+01
1.125682913458354939e+01
1.167993118091924565e+01
1.225810637676171666e+01
1.242823538435756880e+01
1.189831029140714413e+01
1.161117644805963955e+01
1.156514243537904640e+01
1.125141433885006848e+01
1.127612650024963692e+01
1.118299870947089403e+01
1.181338903282387243e+01
1.253739705206254484e+01
1.265956899683765435e+01
1.266581777923567564e+01
1.278500860302056452e+01
1.264364558884181378e+01
1.262814343980106280e+01
1.253087848657584935e+01
1.241864957786486912e+01
1.162720288493679455e+01
1.142215944959338536e+01
1.148417330825876270e+01
1.135830459605062970e+01
1.160459314138215170e+01
1.175501620136237335e+01
1.196453019189632272e+01
1.238528559535559737e+01
1.238054037020625664e+01
1.266607090706409622e+01
1.293803060923822379e+01
1.253932649810080591e+01
1.240449066586032778e+01
1.251663390324225134e+01
1.255325377494275330e+01
1.289910056874236410e+01
1.289659022021239743e+01
1.289615696711742920e+01
1.251028891523092490e+01
1.264165620744933705e+01
1.288817286096185377e+01
1.246672594847565740e+01
1.238360109479948967e+01
1.280131781234777577e+01
1.321243744113185414e+01
1.283738806597770044e+01
1.276534247916235465e+01
1.330892423840792738e+01
1.404256709975647688e+01
1.433882860768070522e+01
1.433815279302613988e+01
1.452588666984441623e+01
1.476323503572005258e+01
1.506912857700167940e+01
1.493922085596378757e+01
1.477316221310189981e+01
1.497722224872162933e+01
1.566644769540470605e+01
1.565732963032603742e+01
1.544712487573380422e+01
1.593108094042957923e+01
1.588814406890932673e+01
1.515405093690569061e+01
1.517370600550166593e+01
1.531600813849049381e+01
1.525496762755728497e+01
1.568821174741607649e+01
1.587574202430553783e+01
1.631120093754805112e+01
1.651203751722710322e+01
1.640887815060446897e+01
1.587445350214832729e+01
1.554067179089582851e+01
1.557620133205044510e+01
1.536987692144793982e+01
1.561600286454372188e+01
1.602023113009278177e+01
1.580623272042277527e+01
1.568202910430483676e+01
1.568884358134484103e+01
1.600393159317097869e+01
1.662027930298759415e+01
1.702994163944232042e+01
1.720101365489949785e+01
1.713367998980886853e+01
1.702284582138747382e+01
1.631871141266755387e+01
1.587206571635277896e+01
1.588214671878544060e+01
1.605575732835400160e+01
1.580515766483408591e+01
1.570333593182674825e+01
1.593085507816759794e+01
1.617182875900476446e+01
1.673510804162194177e+01
1.762278037299660838e+01
1.770185214158401266e+01
1.715825069336985464e+01
1.688090344946764176e+01
1.699851908705902304e+01
1.766270983691451946e+01
1.792872368851791975e+01
1.773200312383263721e+01
1.771449087649854093e+01
1.758391012925637042e+01
1.714691309346104831e+01
1.714477415855513343e+01
1.729309451884163096e+01
1.740897949690812752e+01
1.763251264198818546e+01
1.733243548188884020e+01
1.734802061575889809e+01
1.794052972855086736e+01
1.854822014428191679e+01
1.826711879975649921e+01
1.826842167885791568e+01
1.836969568537509190e+01
1.783407231613578503e+01
1.758695437145916074e+01
1.788425275835827222e+01
1.812680209801405695e+01
1.817918849166914796e+01
1.858001109920240523e+01
1.842266686641127649e+01
1.857932658791910896e+01
1.920210639855730150e+01
1.950652795149011709e+01
1.958794561819254199e+01
1.995668823911534773e+01
2.007848837856188595e+01
1.994170907140414428e+01
1.922116841956186306e+01
1.881017298211683197e+01
1.909917728864143172e+01
1.946419934109035665e+01
1.922471855158749676e+01
1.966581390913812299e+01
2.025217443019814922e+01
2.075342237393801881e+01
2.078946815687957539e+01
2.012908443293808958e+01
2.003041973500010897e+01
2.056388234578183472e+01
2.099781575669562628e+01
2.151644039282514953e+01
2.163414895610878830e+01
2.117533098864740282e+01
2.089079812561870853e+01
2.081983692340104142e+01
2.051993253135161765e+01
2.032528858295286511e+01
2.048860122387749882e+01
2.062864783437024485e+01
2.074220918634371813e+01
2.113487600599563976e+01
2.116137135837706751e+01
2.102443633910887755e+01
2.122975273509619853e+01
2.161555803704196066e+01
2.154845493311639970e+01
2.173866523422991648e+01
2.213651483101388706e+01
2.195925639844658050e+01
2.150211800545065088e+01
2.143442516198703984e+01
2.140810398075534593e+01
2.121913266341963933e+01
2.101291379543920357e+01
2.120856402019498077e+01
2.178124002443188445e+01
2.188153422693551775e+01
2.216344187783597519e+01
2.235755700913298583e+01
2.219466423035278524e+01
2.261366206493321940e+01
2.251490348486312953e+01
2.275013760447231448e+01
2.324359135657936193e+01
2.343692796147950119e+01
2.325514917201000742e+01
2.338698781792777126e+01
2.321432256568549590e+01
2.302916897907452309e+01
2.301162104346482806e+01
2.314421026516039248e+01
2.304504465835124805e+01
2.256274875744531982e+01
2.261994728917514053e+01
2.272617262338034649e+01
2.243833085386557968e+01
2.270922945215833622e+01
2.309369020783153204e+01
2.302382800975302146e+01
2.310698906444193668e+01
2.285328060087525159e+01
2.286493326114212365e+01
2.338038661988254674e+01
2.383513063066648030e+01
2.427962489941039337e+01
2.421202481665716277e+01
2.416112361153706445e+01
2.420649988782890816e+01
2.401757917958958544e+01
2.404377674719257740e+01
2.466367146419711887e+01
2.533200804804488016e+01
2.521206240454204206e+01
2.436569921003717809e+01
2.427854197316678508e+01
2.477555187261529213e+01
2.490145003858862083e+01
2.499490640450153833e+01
2.530350449243055877e+01
2.577462284529527281e+01
2.595504195077731069e+01
2.572080262711534715e+01
2.522987984930670180e+01
2.488411950733970812e+01
2.465640424382958074e+01
2.501135658904709658e+01
2.579629941348189348e+01
2.624975599647254754e+01
2.605638720592138569e+01
2.561598362224158976e+01
2.580699373839515331e+01
2.605289367717725568e+01
2.634406307192764984e+01
2.653196874817959738e+01
2.615540171444797579e+01
2.548727274765951734e+01
2.515500941344905073e+01
2.492995867599044502e+01
2.513733188243813643e+01
2.582261729927589045e+01
2.620917036805546729e+01
2.634807451648510934e+01
2.596623600787977537e+01
2.565470653196659256e+01
2.558619038876996044e+01
2.607629418178724379e+01
2.674503874089573685e+01
2.739473056540852625e+01
2.719400653973650250e+01
2.651900204630901214e+01
2.655204419927359893e+01
2.683223751688889891e+01
2.693232409951381712e+01
2.718167043017787776e+01
2.761815110257109041e+01
2.776513243145468479e+01
2.745094644089691371e+01
2.714152417048505228e+01
2.701202004747211660e+01
2.653143068167395313e+01
2.633534502844698366e+01
2.633690569681611748e+01
2.667157055532147680e+01
2.733175911821139081e+01
2.761192088814641465e+01
2.728286629399401519e+01
2.751652463482074040e+01
2.805299873401525090e+01
2.772728302960621249e+01
2.716072905439962781e+01
2.696401433362606781e+01
2.698848053896209365e+01
2.724249140060285868e+01
2.773901288697238954e+01
2.826482995611216964e+01
2.828184309189736823e+01
2.808469136758722229e+01
2.815554507315462729e+01
2.820515894022436143e+01
2.824193733842355414e+01
2.802250540890590358e+01
2.865879114735771438e+01
2.921694424019736402e+01
2.907483459839492568e+01
2.834729431607021510e+01
2.841918801891995372e+01
2.915416286258237832e+01
2.898170414653903393e+01
2.825599761996767612e+01
2.799394787269306661e+01
2.840699232679464714e+01
2.915011253849857553e+01
2.948625710971563763e+01
2.964401784817438923e+01
2.951013609619401379e+01
2.871140102136302019e+01
2.835816049051978993e+01
2.823046476851233066e+01
2.800141616138583345e+01
2.828236172080410427e+01
2.860599381066462499e+01
2.832116406026977629e+01
2.864006011413778197e+01
2.905052863584944589e+01
2.901881652320102489e+01
2.922020185512910473e+01
2.975455192731163834e+01
2.964243433872480793e+01
2.972736834359155367e+01
3.030370075352570325e+01
3.033144294992279910e+01
3.002430006688116393e+01
3.002680053480507283e+01
2.985410765005672218e+01
2.947267461815293643e+01
2.942468659041079704e+01
2.979151579456808463e+01
3.029030258431226841e+01
3.027557377586081699e+01
3.018303092949683730e+01
3.079109438289623668e+01
3.108286295797245202e+01
3.089477331921623815e+01
3.069617223468628708e+01
3.064219132184411265e+01
3.028332543296814450e+01
3.073092998599938142e+01
3.109504500475290101e+01
3.074710194269642827e+01
3.064394397921521929e+01
3.093029572503239066e+01
3.084850264180153445e+01
3.051440710473274365e+01
3.015520318385756582e+01
3.032736904138086587e+01
3.055390220534717471e+01
3.064404375352255627e+01
3.081493462838841424e+01
3.086543818804798534e+01
3.096067718392390233e+01
3.085618969753366869e+01
3.147998455309063459e+01
3.183895910218534553e+01
3.180163230887835013e+01
3.217371394978784593e+01
3.230999363245733491e+01
3.211321152886987562e+01
3.192484683943740720e+01
3.209065265481867613e+01
3.238576841854037980e+01
3.282300487415943024e+01
3.284471054546327906e+01
3.292660252166280088e+01
3.303268214460482710e+01
3.299917362974590418e+01
3.346724959061956639e+01
3.352778409047673591e+01
3.368955392872678090e+01
3.345033644594487754e+01
3.294500319288481904e+01
3.286566598286585617e+01
3.270682481869278035e+01
3.318580920973187887e+01
3.354527056964912646e+01
3.360507316858164018e+01
3.386804528465246023e+01
3.419986145749169992e+01
3.432051738183267275e+01
3.385274530918177049e+01
3.340670801849714167e+01
3.312962675666062751e+01
3.304482039924292991e+01
3.312748199839497687e+01
3.274474493455797841e+01
3.291976150594123141e+01
3.354782012451718742e+01
3.376514473764373747e+01
3.359910093860912639e+01
3.297991155012076803e+01
3.279966412944715159e+01
3.326179629827874606e+01
3.370405144897659255e+01
3.375835812312190143e+01
3.400400490093142025e+01
3.421137910084765110e+01
3.427361351429671288e+01
3.414553898481927519e+01
3.467601467423116191e+01
3.480064379880584369e+01
3.491769534488827986e+01
3.490674806809332154e+01
3.442720703643510660e+01
3.385869016190704883e+01
3.416282507029582405e+01
3.486739096499873369e+01
3.477242801127288629e+01
3.473369054713025861e+01
3.488557815325187050e+01
3.492106512453388234e+01
3.512144128448753122e+01
3.475528411253887384e+01
3.471186511689332832e+01
3.465117259062937904e+01
3.454823766665652585e+01
3.453294708344108699e+01
3.450776810517174908e+01
3.436185672868310093e+01
3.439310511147284188e+01
3.476614018864692213e+01
3.461618771678918449e+01
3.466825509469126843e+01
3.462607687233927578e+01
3.474654971401597692e+01
3.508242066834656470e+01
3.456795925857665708e+01
3.480952807759663159e+01
3.542820676555226100e+01
3.540218928926422137e+01
3.547181633214314189e+01
3.571861839723275267e+01
3.620539478911283737e+01
3.623200687112828433e+01
3.584734071519917364e+01
3.621133112566050016e+01
3.628594546085407302e+01
3.614182688688203626e+01
3.606190504869775282e+01
3.594293603592655018e+01
3.624143892570862135e+01
3.591599972067036362e+01
3.582419878277875114e+01
3.635230493412543495e+01
3.676311068044037000e+01
3.651857776247737775e+01
3.622685800096937214e+01
3.639762468965481190e+01
3.682362068278215617e+01
3.710390283308792192e+01
3.707995487950148572e+01
3.716774701100208489e+01
3.742949681252073191e+01
3.749065656529155888e+01
3.725772559805449191e+01
3.696840368445442238e+01
3.658007651780314262e+01
3.679223668526875457e+01
3.737259668110372246e+01
3.710714793934848643e+01
3.654261672125809213e+01
3.645645719557827391e+01
3.666287615014938694e+01
3.665861180609715575e+01
3.666294597900957797e+01
3.700080326112249196e+01
3.776146871936601457e+01
3.823876451533666199e+01
3.813470430634361463e+01
