22222222222222222222222222222222222222222222222222222222222222222222222222222222222222222222222222222222222222222222222222222222
22222222222222222222222222222222222222222222222222222222222222222222222222222222222222222222222222222222222222222222222222222222
22222222222222222222222222222222222222222222222222222222222222222222222222222222222222222222222222222222222222222222222222222222
22222222222222222222222222222221111111112111111111111111111222222222222222222222222222222222222222222222222222222222222222222222
22222222222222222222222222112211111112111111111111111111122222222221111222222222222222222222222222211222222222222222222222222222
22222222222222222222211111212211222222212211111111111111122222222222222222222222222221122222222222111122222222221122222222222222
22222222222222222222111221221112111112222222111111111111122222222222222222222222212222222222221111111111111112222222222222222222
22222211111122222222221111112112111111122222111111111111222222222222222111122222222222211111111111111111111111111111111111222222
12222111111111111111111111111111111221111222111111112222222222222222211111111111111111111111111111111111111111111111111111111111
21221111111111111111111111111111111121112222211112222221111222222221111211111111111111111111111111111111111111111111111111111112
22221111111111111111111111111112222111222222221122222222222222222111112111111111111111111111111111111111111111111111111111111122
22222211122222111111111111111122222111121222222222222222222222222111112211111111111111111111111111111111111111111111112211222222
22222212222222221111111111111111122211111122222222222222222221122212122111111111111111111111111111111111111111111222222111222222
22222222222222222111111111111111112111111111222222222222222212112211111111111111111111111111111111111111111111111122222122222222
22222222222222222211111111111111111111111111222222222222222222121111111111111111111111111111111111111111111111111112222222222222
22222222222222222221111111111111211111112211122222222222222222111111111111111111111111111111111111111111111111111222222222222222
22222222222222222221111111111111111111111122222222222222222222211111111111221111221111111111111111111111111111112222222222222222
22222222222222222221111111111111111111222222222222222222222211111222121112222211121111111111111111111111111111222112222222222222
22222222222222222222111111111111111112222222222222222222222211112222212111111111122111111111111111111111111212222122222222222222
22222222222222222222111111111111111112222222222222222222222221221112222221111111111111111111111111111111112211221122222222222222
22222222222222222222211111111111111122222222222222222222222211111111222222221111111111111111111111111111111222212222222222222222
22222222222222222222221111111111111222222222222222222222222211111111111111111111111111111111111111111111111222222222222222222222
22222222222222222222222211111222221222222222222222222222222111111111111111111111121111111111111111111111112222222222222222222222
22222222222222222222222221111222222222222222222222222222221111111111111111112111112121111111111111111111112222222222222222222222
22222222222222222222222222111222221122222222222222222222221111111111111111112111111122221111111111111111122222222222222222222222
22222222222222222222222222111221222222222222222222222222221111111111111111111211111122222111112221111212222222222222222222222222
22222222222222222222222222221111222222222222222222222222211111111111111111111121112222222111122221111122221222222222222222222222
22222222222222222222222222222221112222222222222222222222211111111111111111111121222222222211222222111112221222222222222222222222
22222222222222222222222222222222212221111222222222222222221111111111111111111112112222222211222222121122222122222222222222222222
22222222222222222222222222222222221211111112222222222222222111111111111111111111122222222221122222122222222122222222222222222222
22222222222222222222222222222222222211111111122222222222222211112111111111111111122222222222222222212222122222222222222222222222
22222222222222222222222222222222222211111111112222222222222222222221111111111111222222222222222222112221122222222222222222222222
22222222222222222222222222222222222111111111112222222222222222222221111111121112222222222222222222212211122222222222222222222222
22222222222222222222222222222222221111111111111111222222222222222221111111111122222222222222222222211221121222211122222222222222
22222222222222222222222222222222222111111111111111122222222222222222111111111122222222222222222222222122222222221112222222222222
22222222222222222222222222222222222111111111111111122222222222222222111111111122222222222222222222222222222222222112222222222222
22222222222222222222222222222222222211111111111111122222222222222222111111111122222222222222222222222222222222222222222222222222
22222222222222222222222222222222222211111111111111222222222222222222111111111122122222222222222222222222222212112212222222222222
22222222222222222222222222222222222221111111111111222222222222222222111111111221122222222222222222222222222111111211222222222222
22222222222222222222222222222222222222111111111112222222222222222222111111112221122222222222222222222222221111111111222222222222
22222222222222222222222222222222222222111111111112222222222222222222111111112221122222222222222222222222111111111111122222222222
22222222222222222222222222222222222222111111111222222222222222222222211111112222222222222222222222222222111111111111112222222222
22222222222222222222222222222222222222111111112222222222222222222222211111122222222222222222222222222222111111111111112222222222
22222222222222222222222222222222222222111111112222222222222222222222221111222222222222222222222222222222111111111111112222222222
22222222222222222222222222222222222222111111122222222222222222222222221112222222222222222222222222222222111222211111122222222222
22222222222222222222222222222222222221111111222222222222222222222222222222222222222222222222222222222222222222222111122222222122
22222222222222222222222222222222222221111122222222222222222222222222222222222222222222222222222222222222222222222222222222222112
22222222222222222222222222222222222221111222222222222222222222222222222222222222222222222222222222222222222222222221222222221222
22222222222222222222222222222222222221112222222222222222222222222222222222222222222222222222222222222222222222222222222222212222
22222222222222222222222222222222222221112222222222222222222222222222222222222222222222222222222222222222222222222222222222222222
22222222222222222222222222222222222221122222222222222222222222222222222222222222222222222222222222222222222222222222222222222222
22222222222222222222222222222222222222122222222222222222222222222222222222222222222222222222222222222222222222222222222222222222
22222222222222222222222222222222222222222222222222222222222222222222222222222222222222222222222222222222222222222222222222222222
22222222222222222222222222222222222222222222222222222222222222222222222222222222222222222222222222222222222222222222222222222222
22222222222222222222222222222222222222222222222222222222222222222222222222222222222222222222222222222222222222222222222222222222
22222222222222222222222222222222222222222212222222222222222222222222222222222222222222222222222222222222222222222222222222222222
22222222222222222222222222222222222222221122222222222222222222222222222222222222211112222222111111111111111111111112222222222222
22222222222222222222222222222222222221111122222222222222222222111111111111111111111111111111111111111111111111111111111122222222
22222222222222222222222222211111111111111122222222222222211111111111111111111111111111111111111111111111111111111111111112222222
11111111111111111111111111111111111111111112222222222211111111111111111111111111111111111111111111111111111111111111111111111111
11111111111111111111111111111111111111111111111111111111111111111111111111111111111111111111111111111111111111111111111111111111
11111111111111111111111111111111111111111111111111111111111111111111111111111111111111111111111111111111111111111111111111111111
11111111111111111111111111111111111111111111111111111111111111111111111111111111111111111111111111111111111111111111111111111111
11111111111111111111111111111111111111111111111111111111111111111111111111111111111111111111111111111111111111111111111111111111
11111111111111111111111111111111111111111111111111111111111111111111111111111111111111111111111111111111111111111111111111111111
