0.150591135E-03
0.940766495E-05
0.187926653E-04
0.281323901E-04
0.374043448E-04
0.465861922E-04
0.556558043E-04
0.645913387E-04
0.733712659E-04
0.819744309E-04
0.903801192E-04
0.985680745E-04
0.106518564E-03
0.114212446E-03
0.121631187E-03
0.128756888E-03
0.135572409E-03
0.142061355E-03
0.148208012E-03
0.153997651E-03
0.159416304E-03
0.164450903E-03
0.169089311E-03
0.173320383E-03
0.177133901E-03
0.180520685E-03
0.183472599E-03
0.185982499E-03
0.188044345E-03
0.189653176E-03
0.190805120E-03
0.191497398E-03
0.191728352E-03
0.191497398E-03
0.190805120E-03
0.189653176E-03
0.188044345E-03
0.185982499E-03
0.183472584E-03
0.180520685E-03
0.177133901E-03
0.173320383E-03
0.169089297E-03
0.164450888E-03
0.159416290E-03
0.153997651E-03
0.148208026E-03
0.142061326E-03
0.135572409E-03
0.128756874E-03
0.121631179E-03
0.114212409E-03
0.106518557E-03
0.985680745E-04
0.903800974E-04
0.819744237E-04
0.733712368E-04
0.645913242E-04
0.556558116E-04
0.465861704E-04
0.374043448E-04
0.281323646E-04
0.187926562E-04
0.940762857E-05
0.150591135E-03
