4.668286228595125000e+13
4.691187347284757031e+13
4.619682864049525781e+13
4.530871766027234375e+13
4.451589999628253906e+13
4.387305516911461719e+13
4.341727280556792188e+13
4.306804550182635156e+13
4.275871190988974219e+13
4.249749766080067969e+13
4.228234194847539844e+13
4.209612824632676562e+13
4.193432842437025000e+13
4.178897700010416406e+13
4.165756132707723438e+13
4.150847136492900000e+13
4.139098702287928906e+13
4.127112770493421094e+13
4.114454095465462500e+13
4.102327696490782031e+13
4.089463122955152344e+13
4.076037148656426562e+13
4.064736537674115625e+13
4.053803990185981250e+13
4.041306300509032031e+13
4.029558057513546094e+13
4.018668917363482812e+13
4.008111801215667188e+13
3.998003697214515625e+13
3.986080456058066406e+13
3.975272522322091406e+13
3.964895961062303906e+13
3.953578298480821094e+13
3.941069785987600000e+13
3.932575771813827344e+13
3.921711689574906250e+13
3.910805910797327344e+13
3.899910368086746875e+13
3.888091924682741406e+13
3.876483171344500781e+13
3.864887468705655469e+13
3.851101339941110156e+13
3.839676792442746094e+13
3.827644363461989844e+13
3.814844868635562500e+13
3.802348621378628906e+13
3.792049646572277344e+13
3.781680964666568750e+13
3.772487232583178906e+13
3.760520068809416406e+13
3.751762142350816406e+13
3.738996320132142969e+13
3.728304920099453906e+13
3.718262046797389844e+13
3.706357531184332031e+13
3.696230202078371094e+13
3.686891464196942969e+13
3.675784615234178906e+13
3.667801286613340625e+13
3.657343451250907031e+13
3.645971035868253125e+13
3.636463525737938281e+13
3.628200193513103906e+13
3.615906710700697656e+13
3.606384172815872656e+13
3.594806597833534375e+13
3.586227730489421094e+13
3.574557027688616406e+13
3.565547220785705469e+13
3.555946761276447656e+13
3.544995873683957031e+13
3.536460270749717969e+13
3.527924555932537500e+13
3.519045410267294531e+13
3.510543856781012500e+13
3.499881979292473828e+13
3.489333483735743750e+13
3.479494058316686328e+13
3.468849711208436328e+13
3.459186745382401562e+13
3.450048510890998047e+13
3.438897901428617578e+13
3.426426903595612109e+13
3.417427592723253125e+13
3.407324324992821875e+13
3.397098015985431641e+13
3.387432602768060547e+13
3.377669560367223047e+13
3.367740814557169922e+13
3.357643842482456250e+13
3.349234714295354297e+13
3.337802668494308203e+13
3.326426063931904688e+13
3.317065489011351172e+13
3.307347111685086328e+13
3.298334228424175391e+13
3.289357483935915625e+13
3.280640338253014453e+13
3.269514797461219922e+13
3.260830503255408203e+13
3.250364962927431250e+13
3.238765982229093359e+13
3.226644634700306641e+13
3.217030467474362500e+13
3.206194342548516797e+13
3.197864827300496875e+13
3.188163086683333203e+13
3.178753808940759375e+13
3.169070384779213672e+13
3.158954623465578125e+13
3.150892555416164453e+13
3.141150775709048047e+13
3.131507601295828125e+13
3.121294867438250000e+13
3.110707208970601953e+13
3.100220798283729297e+13
3.091779640437240234e+13
3.081246015424817188e+13
3.070463459942185547e+13
3.059996031055922266e+13
3.050774976114274609e+13
3.040773104837395703e+13
3.031637858696021875e+13
3.023542837772562500e+13
3.014078493629220703e+13
3.005569200423345703e+13
2.996956586641117578e+13
2.987423835783994141e+13
2.979793178113456250e+13
2.972090905876501953e+13
2.963289198873902734e+13
2.953518093523306250e+13
2.943978451549959375e+13
2.936203714697394922e+13
2.925686573734865625e+13
2.916933487919721875e+13
2.908536694860704297e+13
2.900559280989760547e+13
2.890864930457176953e+13
2.880310258448373438e+13
2.873071579771889453e+13
2.864045097870168750e+13
2.855643042918422266e+13
2.848332031683837891e+13
2.838828179934301953e+13
2.830585327404500000e+13
2.821683815264615234e+13
2.811341589114543750e+13
2.800463953609307422e+13
2.790693071221443359e+13
2.781333274430737500e+13
2.773003537413337500e+13
2.763908911615838672e+13
2.755180584912834766e+13
2.746137145021837500e+13
2.736824685512009375e+13
2.728701312338843750e+13
2.720095733983149609e+13
2.712533406921116016e+13
2.704460514008438672e+13
2.695183175643162500e+13
2.686615835866298828e+13
2.677778272224563672e+13
2.668431207655900000e+13
2.659552367355510547e+13
2.649823825477544922e+13
2.640674004532904297e+13
2.631461693934083203e+13
2.622456436986277734e+13
2.614536185922303125e+13
2.605673876012334375e+13
2.598254673480958203e+13
2.591376321307284375e+13
2.583738378408253516e+13
2.575934543158446875e+13
2.567056816731148047e+13
2.559887893409180078e+13
2.552110260998729688e+13
2.540918092931526953e+13
2.531963281784423047e+13
2.524138511365572266e+13
2.517246883069350000e+13
2.508200154225721484e+13
2.499748686083442578e+13
2.491326920659791797e+13
2.482783606880532422e+13
2.474105187305742578e+13
2.466302066243838672e+13
2.458776363570189453e+13
2.449881944589183203e+13
2.441056435154488672e+13
2.433593309398405078e+13
2.425461993415318359e+13
2.418863683669866797e+13
2.411725136903271875e+13
2.403677522950319141e+13
2.395472064516566797e+13
2.386711085128645703e+13
2.378808802234923828e+13
2.370956498571852734e+13
2.363402890939108203e+13
2.354473088869373828e+13
2.348437406440610547e+13
2.341370922336863672e+13
2.333766683049981641e+13
2.326888651530344922e+13
2.318304445839762109e+13
2.311023516552429688e+13
2.304260421175058594e+13
2.296509049557272266e+13
2.288299162252076172e+13
2.279687011008289453e+13
2.271742180503312891e+13
2.264463521386393359e+13
2.258071816922225391e+13
2.250827046372273828e+13
2.243121922106773828e+13
2.234541353368820312e+13
2.228412250121725000e+13
2.222047738499247266e+13
2.215088043986792578e+13
2.206162448669140234e+13
2.199186837417562109e+13
2.192300574703704297e+13
2.186313825223613672e+13
2.179109104125683984e+13
2.172441560620798438e+13
2.164592756378592578e+13
2.158017166625132422e+13
2.150598315615996484e+13
2.142846128140746094e+13
2.135297036377069922e+13
2.129050760332669922e+13
2.122343695950811328e+13
2.116027770320768750e+13
2.109417395846204688e+13
2.101932439155366797e+13
2.095136709183289453e+13
2.087648579312959766e+13
2.081202151218641797e+13
2.075907865836760156e+13
2.069411194684922266e+13
2.062443488985389062e+13
2.055406994931187109e+13
2.049061295058696484e+13
2.041858645720548047e+13
2.034420916451005469e+13
2.028561145468787500e+13
2.020952096887062891e+13
2.014564177839962109e+13
2.009664643035307422e+13
2.003905137153595703e+13
1.996195135817148438e+13
1.989651742754247656e+13
1.983965305681753906e+13
1.976732761751838281e+13
1.970638658073929688e+13
1.963823024998379688e+13
1.957159146740654297e+13
1.950088955538286719e+13
1.945236403093128516e+13
1.939879405604029297e+13
1.933573767102623438e+13
1.927619896314162500e+13
1.920745081644778516e+13
1.914135162098584766e+13
1.906828010527667188e+13
1.900862490734955859e+13
1.894672720899969922e+13
1.888988895453258203e+13
1.882733250438689453e+13
1.876948297564932812e+13
1.870787569081708203e+13
1.863997148279716016e+13
1.857658531765889062e+13
1.851615814123930859e+13
1.844741722724909766e+13
1.838702614042637109e+13
1.832888529896719141e+13
1.826257589967363281e+13
1.821416632027023047e+13
1.815499232718186719e+13
1.808369288597145703e+13
1.801629763992142578e+13
1.795106756520096484e+13
1.788221058728655859e+13
1.781915399783511328e+13
1.775705849713537891e+13
1.769420536277936719e+13
1.764483216059794922e+13
1.757928786331228125e+13
1.751848764773654492e+13
1.744083433789965039e+13
1.738523109182652539e+13
1.732001756281131055e+13
1.725349797713725977e+13
1.718431043580494336e+13
1.712695161472922461e+13
1.705791972902902148e+13
1.699984496627446289e+13
1.693613761087358008e+13
1.686728296255389648e+13
1.680868957840744727e+13
1.675573388972459180e+13
1.669419963717734375e+13
1.663295140601393945e+13
1.657828664281191406e+13
1.652981605902902539e+13
1.646838225716209570e+13
1.640676399185576758e+13
1.634381916918861133e+13
1.629297958206095312e+13
1.623965958559887695e+13
1.618362423259530664e+13
1.612883300752594336e+13
1.607895936834291992e+13
1.602616271368410742e+13
1.598452609687808789e+13
1.591443785009392383e+13
1.586433929371320898e+13
1.580556370964407227e+13
1.576091781636692383e+13
1.570813127223233008e+13
1.565451013197424219e+13
1.560583238162507812e+13
1.556119313172249219e+13
1.551025088266067773e+13
1.545634735572743945e+13
1.540655804378399414e+13
1.535869706568912695e+13
1.529219631548069727e+13
1.524326351752211914e+13
1.519082621754766211e+13
1.514073675901157227e+13
1.507677440699320312e+13
1.502824318301441406e+13
1.497482246186789648e+13
1.492488042446971289e+13
1.487641085241291602e+13
1.481856539662343164e+13
1.477151042908127148e+13
1.470969971083956055e+13
1.465328355368588477e+13
1.459345711407281250e+13
1.452192477562170898e+13
1.446485651337507812e+13
1.439945869433943555e+13
1.433756597496805273e+13
1.429021310029689648e+13
1.423291692338620898e+13
1.417282622894255664e+13
1.413248700549665039e+13
1.408952268523815820e+13
1.402873515824846680e+13
1.397399244652199805e+13
1.391942419300622461e+13
1.387157413230391992e+13
1.381761072349794727e+13
1.376037051551832617e+13
1.370281358764317188e+13
1.364826106436839258e+13
1.360150338472351758e+13
1.354672542515463086e+13
1.349227358404173633e+13
1.345431220949524805e+13
1.340235666655441992e+13
1.334761408714052930e+13
1.328769517559415625e+13
1.323498191039377930e+13
1.318720351463912500e+13
1.313647960082954883e+13
1.309759857768296875e+13
1.304177260656768555e+13
1.299885172207388477e+13
1.295643427903259180e+13
1.290501035554189844e+13
1.284945831599127148e+13
1.279537499373406445e+13
1.273889945730381250e+13
1.269512003842863086e+13
1.265119128749929688e+13
1.260474777086252539e+13
1.256585574249527148e+13
1.252026649578872656e+13
1.246991628565520117e+13
1.242189622181464062e+13
1.236783907164229492e+13
1.232715689123365820e+13
1.228433785143982227e+13
1.223623979261119336e+13
1.218039404754389648e+13
1.214075618382246875e+13
1.209239652278897461e+13
1.204617714878922852e+13
1.199542388714325195e+13
1.194651638344084961e+13
1.190268255518750000e+13
1.185740478362851758e+13
1.181367843993298633e+13
1.176276312728196289e+13
1.171543848131477930e+13
1.166836002148031445e+13
1.162688259432922461e+13
1.156264682758695508e+13
1.150783373385322656e+13
1.146410075768340625e+13
1.141584394208062305e+13
1.137351829852422266e+13
1.132483223087799414e+13
1.127923419786951562e+13
1.122377675599818555e+13
1.116481695026599219e+13
1.110726989701961523e+13
1.106757207319821289e+13
1.101573026628132227e+13
1.097597660066930469e+13
1.091751543281910742e+13
1.086727689763708203e+13
1.081822136443988867e+13
1.077447352601004102e+13
1.072727666612350000e+13
1.068573091329476367e+13
1.062874984714862695e+13
1.058147310038055469e+13
1.053191673440129102e+13
1.048649373391945312e+13
1.044634464061606250e+13
1.040090248635499023e+13
1.036094258915135742e+13
1.032175829953720312e+13
1.028081668776306445e+13
1.023777923882942773e+13
1.019871290598232812e+13
1.015415063662716406e+13
1.011116297004526367e+13
1.006782117853571680e+13
1.002605392951415820e+13
9.982510445315277344e+12
9.936494891835458984e+12
9.900433240068296875e+12
9.852191395085019531e+12
9.809957334211625000e+12
9.766168670651824219e+12
9.725274254532964844e+12
9.679165211850771484e+12
9.630422638263587891e+12
9.590996325223111328e+12
9.544013131389705078e+12
9.512780295124462891e+12
9.472085832600308594e+12
9.433477580227332031e+12
9.391518135778791016e+12
9.352362386343101562e+12
9.312911821775660156e+12
9.270824889675968750e+12
9.234832352433447266e+12
9.195108009447027344e+12
9.150034896015601562e+12
9.115307534397908203e+12
9.068953390721392578e+12
9.032174471949437500e+12
8.992932899295107422e+12
8.955074342292083984e+12
8.910193554840720703e+12
8.862133503986054688e+12
8.830424692038974609e+12
8.785338070731752930e+12
8.742437897798215820e+12
8.702306542800414062e+12
8.653912292367235352e+12
8.607989207112247070e+12
8.570688253604178711e+12
8.526549976658557617e+12
8.488360229565579102e+12
8.443174645189448242e+12
8.402083868834692383e+12
8.346354011281637695e+12
8.297950162182997070e+12
8.255919064940132812e+12
8.209757931634370117e+12
8.164803326779500000e+12
8.114327093398799805e+12
8.065934429477551758e+12
8.020128053916484375e+12
7.970303694113065430e+12
7.934489234043585938e+12
7.880178457437245117e+12
7.834858909595367188e+12
7.799523561780592773e+12
7.768398960359952148e+12
7.726558884592950195e+12
7.690286682293588867e+12
7.642892173260551758e+12
7.610252370182625000e+12
7.572336819165488281e+12
7.543777742651937500e+12
7.509744049630374023e+12
7.466359279451709961e+12
