1.069789515183771300e+01
1.168103357226274852e+01
1.245419165176090281e+01
1.304876408854638292e+01
1.350428223755475976e+01
1.385485112534044561e+01
1.412720976193413946e+01
1.434159769014265606e+01
1.451309678195627306e+01
1.465287888563378438e+01
1.476920229189964395e+01
1.486816772089239613e+01
1.495428385761028345e+01
1.503088312829913775e+01
1.510042967584872287e+01
1.516474908706541669e+01
1.522519231538939799e+01
1.528275668533288290e+01
1.533818865447628355e+01
1.539203629323952782e+01
1.544471069755593362e+01
1.549651270661873959e+01
1.554766528419220606e+01
1.559833984796432382e+01
1.564865779414800251e+01
1.569870653638941427e+01
1.574855901912009237e+01
1.579826405623535912e+01
1.584786293724477524e+01
1.589738195735665194e+01
1.594683958535352808e+01
1.599625254498472238e+01
1.604563388211717623e+01
1.609498914911667100e+01
1.614432561714711056e+01
1.619364723788047655e+01
1.624296156522128243e+01
1.629226938235832378e+01
1.634156979914724062e+01
1.639086563448810807e+01
1.644015970927420867e+01
1.648945004887549715e+01
1.653873743280894715e+01
1.658802520423763482e+01
1.663731444422435501e+01
1.668660226212190523e+01
1.673588782596108615e+01
1.678517159195773090e+01
1.683445760331058239e+01
1.688374197470104221e+01
1.693302430780357426e+01
1.698230870746330012e+01
1.703159292635881883e+01
1.708087791237819886e+01
1.713016269679990700e+01
1.717944734402513873e+01
1.722873220516349591e+01
1.727801778639086550e+01
1.732729987260810844e+01
1.737658342811196022e+01
1.742586577325257124e+01
1.747515130304580921e+01
1.752443541761588364e+01
1.757371836784659536e+01
1.762300309201246051e+01
1.767228984163253003e+01
1.772157417453291472e+01
1.777085889581902833e+01
1.782014102206940365e+01
1.786942560632456178e+01
1.791871058118873350e+01
1.796799540174009735e+01
1.801727824173494596e+01
1.806656369064204881e+01
1.811584718713582021e+01
1.816513140325836773e+01
1.821441434345713617e+01
1.826369900330871943e+01
1.831298524695286645e+01
1.836227004969106957e+01
1.841155286957349801e+01
1.846083794216054130e+01
1.851012040991829011e+01
1.855940274073700991e+01
1.860868444927180221e+01
1.865796930415547550e+01
1.870725562021302935e+01
1.875654057602677938e+01
1.880582525510399705e+01
1.885511049914876480e+01
1.890439477579871763e+01
1.895367573640108105e+01
1.900295830414601284e+01
1.905224212019825458e+01
1.910152779813141422e+01
1.915081346684239705e+01
1.920009704268131046e+01
1.924938150647106383e+01
1.929866671456582594e+01
1.934794887244857264e+01
1.939723307623864557e+01
1.944651524835063228e+01
1.949580067327595501e+01
1.954508606114691815e+01
1.959436912499341688e+01
1.964365198795173839e+01
1.969293781928801579e+01
1.974222291658335493e+01
1.979150750646213552e+01
1.984078967065665111e+01
1.989007496010896503e+01
1.993936033035953415e+01
1.998864364854417985e+01
2.003792713143986859e+01
2.008721331621272199e+01
2.013649641850042471e+01
2.018577909176313057e+01
2.023506067332806779e+01
2.028434551816036091e+01
2.033363234114504081e+01
2.038291731107127802e+01
2.043220194754730556e+01
2.048148654976916916e+01
2.053077024756331070e+01
2.058005155568675093e+01
2.062933391750740597e+01
2.067861844386641579e+01
2.072790587749704727e+01
2.077719069731579182e+01
2.082647368636345320e+01
2.087575826280046698e+01
2.092504308424858905e+01
2.097432359583925532e+01
2.102360450007295611e+01
2.107288875053108157e+01
2.112217331595585179e+01
2.117145849931898738e+01
2.122073984298022253e+01
2.127002003072083269e+01
2.131930227605699457e+01
2.136858244170097620e+01
2.141786546113527834e+01
2.146714456676146554e+01
2.151643005491949268e+01
2.156571260262921541e+01
2.161499478509010075e+01
2.166427589250614005e+01
2.171355606218974899e+01
2.176283756689878146e+01
2.181211743273619064e+01
2.186139941755922322e+01
2.191068036299769872e+01
2.195996644699575029e+01
2.200924917015478854e+01
2.205853200127076263e+01
2.210781574146131945e+01
2.215709600575875626e+01
2.220637917411873374e+01
2.225565776811544083e+01
2.230494243476819705e+01
2.235422711862286960e+01
2.240351203820128489e+01
2.245279344778561992e+01
2.250207652187408769e+01
2.255136224913027831e+01
2.260064030770263344e+01
2.264992270982216738e+01
2.269920535987733956e+01
2.274849133394871714e+01
2.279777553033610005e+01
2.284705922270356027e+01
2.289634257635671588e+01
2.294562624274148632e+01
2.299490959505869725e+01
2.304418746378118499e+01
2.309346974018289345e+01
2.314275209814339007e+01
2.319203549707354384e+01
2.324131995811902129e+01
2.329060219896547324e+01
2.333988855705978338e+01
2.338916839072161835e+01
2.343845310719921216e+01
2.348773090550941944e+01
2.353701540986207874e+01
2.358630054566171452e+01
2.363558540627475324e+01
2.368487131744053542e+01
2.373415281893963424e+01
2.378343690932259236e+01
2.383271451565494203e+01
2.388199767775975602e+01
2.393128110784064688e+01
2.398056691584318045e+01
2.402985393498406452e+01
2.407913777661124399e+01
2.412842367571624536e+01
2.417770597181398173e+01
2.422699159456583473e+01
2.427626844715781473e+01
2.432555108699821744e+01
2.437483393575972102e+01
2.442411439132587248e+01
2.447340000395474746e+01
2.452268413302525119e+01
2.457197376168814529e+01
2.462125394428395353e+01
2.467053700972170915e+01
2.471981731453648834e+01
2.476910269170174317e+01
2.481838847126961767e+01
2.486767257380471463e+01
2.491695834529448561e+01
2.496624045701839734e+01
2.501552599923303433e+01
2.506480217235193209e+01
2.511408321531757437e+01
2.516336498410349520e+01
2.521265060259328550e+01
2.526193932494381400e+01
2.531122279284157273e+01
2.536050915557355623e+01
2.540978870670130618e+01
2.545907382797726726e+01
2.550835268159165992e+01
2.555763636836431374e+01
2.560692145437164413e+01
2.565620520528568349e+01
2.570549212874953682e+01
2.575477540018212608e+01
2.580406261597623541e+01
2.585333928323321473e+01
2.590262043739987519e+01
2.595190312391376608e+01
2.600118860282739419e+01
2.605047627167597923e+01
2.609976020357237658e+01
2.614904682453451201e+01
2.619832986648212270e+01
2.624761493631059750e+01
2.629689057974516331e+01
2.634617276266076757e+01
2.639545650478749295e+01
2.644473870575146179e+01
2.649402731763023766e+01
2.654331101552172711e+01
2.659259901449729568e+01
2.664187846890236600e+01
2.669116107677285399e+01
2.674043983979750294e+01
2.678972543597059897e+01
2.683901066064904128e+01
2.688829549589242518e+01
2.693758364668063265e+01
2.698686649010320693e+01
2.703615378682416193e+01
2.708543124443806960e+01
2.713471206805710167e+01
2.718399325547650847e+01
2.723327929592529628e+01
2.728256960865606473e+01
2.733185267999680335e+01
2.738114196945589995e+01
2.743042087683030061e+01
2.747970583340496020e+01
2.752898355882538795e+01
2.757826511267964165e+01
2.762755048041022476e+01
2.767683595142036168e+01
2.772612358290836099e+01
2.777540509239631206e+01
2.782469260816709422e+01
2.787397026162344105e+01
2.792325392720185206e+01
2.797253838814718208e+01
2.802182346071754182e+01
2.807111064483631324e+01
2.812039430126968043e+01
2.816967924312800164e+01
2.821896012766637796e+01
2.826824577977432185e+01
2.831752337917237128e+01
2.836680798739194742e+01
2.841609054917267585e+01
2.846537244602057015e+01
2.851466142778724233e+01
2.856394419391873996e+01
2.861323249121540968e+01
2.866251182056665314e+01
2.871179736184830134e+01
2.876107830361984341e+01
2.881036409549519917e+01
2.885964839353005473e+01
2.890893233629036629e+01
2.895821927008088537e+01
2.900750226740118265e+01
2.905678731715612528e+01
2.910606516369359653e+01
2.915534885381409325e+01
2.920462931183829980e+01
2.925391500674884071e+01
2.930320285421833049e+01
2.935248540425951447e+01
2.940177376896033934e+01
2.945105590194174638e+01
2.950034314695020043e+01
2.954962208355729203e+01
2.959890654308119551e+01
2.964819032536051324e+01
2.969747091988258703e+01
2.974675444806324265e+01
2.979603502850612529e+01
2.984532122524470310e+01
2.989460125607811491e+01
2.994389002151817181e+01
2.999317534021431086e+01
3.004245936811723183e+01
3.009174467030400635e+01
3.014102627418807856e+01
3.019030948281837468e+01
3.023959171424776926e+01
3.028888110132696099e+01
3.033816076374668569e+01
3.038744541138283850e+01
3.043672853340282813e+01
3.048601121267496339e+01
3.053529778177989940e+01
3.058457998315902060e+01
3.063386602950322413e+01
3.068314842789509456e+01
3.073243788929623932e+01
3.078171906212816467e+01
3.083100451542079057e+01
3.088028717924192890e+01
3.092956870380133338e+01
3.097885451666569523e+01
3.102813760680298572e+01
3.107742379024793067e+01
3.112670273837036916e+01
3.117598549901991589e+01
3.122526809056071784e+01
3.127455320969466968e+01
3.132383893191974167e+01
3.137312318970025515e+01
3.142240995070483223e+01
3.147169302204295604e+01
3.152098112486173065e+01
3.157026235331362685e+01
3.161954698383327056e+01
3.166883060346922818e+01
3.171811070781618369e+01
3.176739480854286057e+01
3.181667678592684112e+01
3.186596268221988382e+01
3.191524260234449173e+01
3.196452806066496422e+01
3.201381228370532739e+01
3.206309954440121146e+01
3.211238457682282643e+01
3.216166605261695821e+01
3.221094957683536109e+01
3.226023155599116166e+01
3.230951837479770461e+01
3.235879843889086516e+01
3.240808353181335377e+01
3.245736603567695511e+01
3.250665009643055470e+01
3.255593776138704243e+01
3.260522053753504679e+01
3.265450689300149634e+01
3.270378595989771497e+01
3.275307394988626442e+01
3.280235681647378243e+01
3.285164141758360046e+01
3.290092536581966698e+01
3.295020809453910005e+01
3.299949324169722331e+01
3.304877590122021758e+01
3.309806310729572232e+01
3.314734251338838078e+01
3.319662560446000299e+01
3.324590675676990514e+01
3.329519147399597756e+01
3.334447819014204839e+01
3.339376034705501439e+01
3.344304578642816494e+01
3.349232843857028996e+01
3.354161613055861579e+01
3.359089741664599416e+01
3.364018337157187943e+01
3.368946727840349809e+01
3.373874659321886327e+01
3.378803236733256909e+01
3.383731185900848715e+01
3.388659893698289949e+01
3.393587947022567874e+01
3.398516482746981637e+01
3.403444909651183536e+01
3.408373663460653091e+01
3.413302269984219350e+01
3.418230491806742322e+01
3.423158873222860876e+01
3.428086988814892067e+01
3.433015698112436809e+01
3.437943647673898084e+01
3.442872046645656070e+01
3.447800521833011089e+01
3.452728910385749117e+01
3.457657710443616139e+01
3.462585876377722371e+01
3.467514413750976843e+01
3.472442468861023457e+01
3.477371442518995792e+01
3.482299810687260333e+01
3.487228181905772573e+01
3.492156547761327801e+01
3.497084555579332488e+01
3.502013089005060920e+01
3.506941411687042631e+01
3.511870184786977944e+01
3.516798253705238153e+01
3.521726685486390807e+01
3.526655040018726339e+01
3.531583461490124876e+01
3.536512003662880943e+01
3.541440145299912245e+01
3.546368564434206405e+01
3.551296787111561315e+01
3.556225828669341382e+01
3.561153962203309220e+01
3.566082678422608154e+01
3.571011099572373126e+01
3.575938714868391344e+01
3.580867135565560488e+01
3.585795052741466549e+01
3.590723782929839558e+01
3.595651843000729286e+01
3.600580476294071985e+01
3.605508763268686323e+01
3.610437538187721884e+01
3.615366048160797874e+01
3.620294243430267755e+01
3.625222879981006230e+01
3.630151232097406222e+01
3.635079969172780068e+01
3.640008004784598938e+01
3.644936527348798450e+01
3.649864713677528982e+01
3.654793063258905050e+01
3.659721575103771585e+01
3.664649752454084108e+01
3.669578510969853369e+01
3.674506715139363422e+01
3.679435564511936008e+01
3.684363745488735731e+01
3.689292230204412704e+01
3.694220570170772788e+01
3.699148592227627574e+01
3.704076995932752681e+01
3.709005095577740718e+01
3.713933672024716515e+01
3.718861714990998024e+01
3.723790465090952040e+01
3.728719034170509872e+01
3.733647638222342380e+01
3.738576012473789234e+01
3.743503947161747902e+01
3.748432340249547678e+01
3.753360557580116108e+01
3.758289742323370319e+01
3.763217952439163128e+01
3.768146389792212148e+01
3.773074785726785052e+01
3.778002747213813706e+01
3.782931336138798173e+01
3.787859427922708022e+01
3.792788234521476909e+01
3.797716409339670207e+01
3.802645171259259627e+01
3.807573401446424555e+01
3.812502154066518045e+01
3.817430605806212895e+01
3.822358630502593968e+01
3.827287291967142835e+01
3.832215587395083389e+01
3.837144296498231455e+01
3.842072103803614169e+01
3.847000491247059273e+01
3.851928769168660693e+01
3.856857239131355897e+01
3.861786089366257357e+01
3.866714361901654939e+01
3.871643058424617578e+01
3.876571358511054655e+01
3.881500158000476830e+01
3.886428244705275148e+01
3.891356780946198768e+01
3.896285156571919828e+01
