4.790924281334041406e+13
4.820108882345158594e+13
4.802427655077068750e+13
4.607388317575766406e+13
4.377048175453323438e+13
4.342495984163314844e+13
4.392078075542007031e+13
4.313474866538299219e+13
4.373389634014475781e+13
4.508220540224313281e+13
4.479909978114961719e+13
4.410471081492674219e+13
4.394021857220841406e+13
4.389701506558595312e+13
4.314438646884638281e+13
4.302195171915963281e+13
4.281413333411468750e+13
4.113802076985259375e+13
4.075252346671233594e+13
4.036325615362379688e+13
4.052412113051414062e+13
4.014107166346188281e+13
3.899881839093128906e+13
3.868130510470720312e+13
3.904407655316950781e+13
3.875270700520980469e+13
3.831846233060385156e+13
3.869816211124147656e+13
3.805253083514946094e+13
3.815039629671034375e+13
3.862891882280594531e+13
3.952754751213993750e+13
4.035456630158182031e+13
4.011217188458774219e+13
3.952629304932675781e+13
3.909661959064485156e+13
4.023030082131643750e+13
4.168791083838449219e+13
3.980243557751983594e+13
3.800344406198553906e+13
3.777304116935135156e+13
3.820026927314994531e+13
3.947988119705325781e+13
4.057773530973712500e+13
3.904060632539861719e+13
3.762368374702971875e+13
3.730643456413869531e+13
3.645667275470315625e+13
3.684387374206597656e+13
3.819821563165733594e+13
3.739472851996157031e+13
3.581826469289686719e+13
3.630019298663618750e+13
3.641812167531146875e+13
3.628743588546047656e+13
3.653514471003520312e+13
3.675080414854136719e+13
3.614348746748405469e+13
3.496452230311616797e+13
3.401605452175460547e+13
3.325646022475926172e+13
3.421534246864417578e+13
3.628589245629677344e+13
3.597054350388068750e+13
3.472159933615251172e+13
3.459868458979125391e+13
3.465960537945526562e+13
3.557565237210627344e+13
3.691769666887545312e+13
3.666174714528601562e+13
3.636961680108921875e+13
3.696804745630931250e+13
3.758687302831222656e+13
3.769467983764236719e+13
3.687862004927861719e+13
3.638132544139453125e+13
3.608043362217520312e+13
3.455614821674511328e+13
3.305508049500425000e+13
3.427083731763443359e+13
3.456810584815800391e+13
3.401797871592330078e+13
3.402195554565167578e+13
3.263676760376136328e+13
3.303637178791700391e+13
3.495190645862721875e+13
3.536425108191046875e+13
3.382205367567960547e+13
3.303834637915796875e+13
3.437925701726176172e+13
3.569229902241532031e+13
3.520250658322532031e+13
3.474323642405535547e+13
3.522488801886342188e+13
3.387657089922090625e+13
3.314947859050273047e+13
3.447476442284864062e+13
3.352475860536000391e+13
3.137493365449508984e+13
3.138949739494653125e+13
3.248299533824318750e+13
3.248991469593503125e+13
3.189069083958340234e+13
3.088736316796508984e+13
2.971900675629298828e+13
2.904113130610869922e+13
2.912427758982443750e+13
3.075001072996245312e+13
3.161878408202674609e+13
3.046509048888473047e+13
2.945274042270544141e+13
2.913783082847420312e+13
2.976959893126482422e+13
2.945653794022437500e+13
2.836395271132776562e+13
2.982542185714050000e+13
3.112683735615419922e+13
2.977847608956355078e+13
2.930402609698606250e+13
2.990631776177531250e+13
3.001758909485628516e+13
2.903486386369326172e+13
2.803701806700562109e+13
2.769839554292126953e+13
2.897302628399005078e+13
2.947629804263575000e+13
2.938877751519946484e+13
3.027979696848338672e+13
3.006806383720633984e+13
2.991665733853191797e+13
3.058063117293706641e+13
3.098755716132923047e+13
3.101763653189740625e+13
3.020484875417787500e+13
2.897009283629846484e+13
2.830606735472770312e+13
2.815396653073235938e+13
2.862989768198698047e+13
2.893523772766259766e+13
2.858201241154651172e+13
2.892633277780473828e+13
3.010402589436637500e+13
2.969005273047130078e+13
2.825881490056865234e+13
2.825607686577935547e+13
2.876674390990428125e+13
2.853980204596990234e+13
2.854857752597181641e+13
2.791955626810878516e+13
2.683694186459421875e+13
2.730016152449186328e+13
2.775185029686263672e+13
2.657758457445638672e+13
2.662068884744232422e+13
2.665095142142084766e+13
2.707508479766159375e+13
2.744159407995098047e+13
2.597312620633205859e+13
2.554772859964838672e+13
2.575642084799523828e+13
2.650937024268687109e+13
2.755138439722954297e+13
2.675922534666735547e+13
2.709156716738776953e+13
2.798225344014009375e+13
2.659783418303814453e+13
2.518288236698769922e+13
2.441413938867846875e+13
2.407264290475709375e+13
2.427229060389718750e+13
2.545176719124116016e+13
2.598972802758467578e+13
2.541327028326993359e+13
2.639045088451205078e+13
2.764369117253594922e+13
2.788264683548065625e+13
2.661104087406353125e+13
2.487399593859221484e+13
2.529211609369240234e+13
2.699042131498093750e+13
2.741091161267320703e+13
2.607787134645662500e+13
2.490272222451181641e+13
2.563205611145223828e+13
2.561175307079984375e+13
2.453816422182874609e+13
2.488175844523090234e+13
2.613420324805043750e+13
2.591939445284718359e+13
2.564534306237838672e+13
2.516503179873384766e+13
2.488896792065129297e+13
2.490728773830748047e+13
2.409277690234761328e+13
2.400708065935730859e+13
2.474809239135037109e+13
2.429409428180810938e+13
2.265497560248203125e+13
2.316971309604276172e+13
2.308917482433184766e+13
2.280899368881781641e+13
2.420069902001351562e+13
2.433092332651045312e+13
2.322638400853032812e+13
2.370914275427268750e+13
2.437136113045455078e+13
2.460827557083450000e+13
2.428738461956028125e+13
2.306812016569015234e+13
2.363271437422138672e+13
2.402105097897804688e+13
2.282363213934384375e+13
2.288987930348439453e+13
2.273052649245964453e+13
2.133413444993483984e+13
2.137617484438908203e+13
2.213344273735886328e+13
2.270449185864052734e+13
2.276814131593506250e+13
2.164303263521107422e+13
2.053713332054662891e+13
2.102095312608374609e+13
2.222361792060262891e+13
2.199680264017578906e+13
2.121540784489992188e+13
2.174659483359217578e+13
2.218544147744494141e+13
2.105988347125514453e+13
2.114947291900184375e+13
2.098226809200743750e+13
2.016126520272085156e+13
1.976893028038405078e+13
1.929765467979037500e+13
1.930397246043432031e+13
2.037623138872558203e+13
2.137246245631270703e+13
2.058301185077818750e+13
1.962838428197836328e+13
2.029498209757577734e+13
2.113923313854049219e+13
2.070108227057195703e+13
2.061107612764799219e+13
2.000446552604800000e+13
1.965030831011969922e+13
1.996187172643377344e+13
2.019904303826424219e+13
2.047862731237964453e+13
2.088158140884594141e+13
2.072700476484128516e+13
1.999723884126714844e+13
2.003619646291329297e+13
1.962227517077404688e+13
1.968230114107826172e+13
1.980948832693798438e+13
1.972280534457859766e+13
2.019385581662076953e+13
1.923214435421107812e+13
1.838655764431844141e+13
1.833553003337123828e+13
1.841019509713591797e+13
1.871404318700309766e+13
1.853640814568464453e+13
1.792587857366911328e+13
1.759166457867213086e+13
1.827536541837042188e+13
1.841551842303387109e+13
1.816013545408342578e+13
1.918718871804013672e+13
1.955052101233755078e+13
1.934345783638210547e+13
1.911212968116951172e+13
1.995625497224638281e+13
1.973727866913842188e+13
1.985067921384491016e+13
1.995709682924457812e+13
1.914497475749501172e+13
1.861515980695086328e+13
1.857279609513518750e+13
1.858250801083252734e+13
1.866029760168479688e+13
1.970027781501644922e+13
1.941335468241722266e+13
1.815689418067844922e+13
1.711518215813766602e+13
1.746295480398331250e+13
1.890199144502290625e+13
1.865698891946692969e+13
1.766618199589370703e+13
1.728162987460801562e+13
1.673807967891008594e+13
1.638006159418268750e+13
1.612016355065007227e+13
1.644749422271616406e+13
1.662732533356920898e+13
1.660002959847561523e+13
1.715755912909613477e+13
1.706537720794592383e+13
1.758172479205475000e+13
1.683430023050864062e+13
1.648625795185980273e+13
1.721573508924990430e+13
1.722164016206671289e+13
1.758648815466989648e+13
1.797889661155885547e+13
1.720798673122092773e+13
1.662556172474975195e+13
1.602311311736222461e+13
1.535792528312790625e+13
1.496096180806860938e+13
1.503361956732754102e+13
1.587897443189457227e+13
1.604908070242813477e+13
1.626810596615088867e+13
1.741370105643344727e+13
1.774437136896939844e+13
1.731844083853963867e+13
1.695287541402199805e+13
1.690679817656740430e+13
1.609870573873439648e+13
1.531254592243866211e+13
1.467237049251050977e+13
1.434155112640917188e+13
1.403984824456557227e+13
1.433677417728506055e+13
1.448415341731743750e+13
1.487992038815902148e+13
1.576123673877776758e+13
1.548917090320700781e+13
1.543827864438772656e+13
1.504617073522352148e+13
1.514098472796218164e+13
1.501036197812673242e+13
1.481245711011874414e+13
1.522137383713983594e+13
1.465601096507379102e+13
1.467533804030938086e+13
1.521909784080045508e+13
1.517288130750418750e+13
1.579702690923565039e+13
1.565337004991079102e+13
1.544375581346288281e+13
1.590624001027446289e+13
1.544128366418007227e+13
1.510180433050054102e+13
1.522167305048047070e+13
1.532829993880735352e+13
1.452693930518108398e+13
1.399586734030131836e+13
1.434270553819875000e+13
1.403215684675781055e+13
1.442064684066242773e+13
1.400179974780013086e+13
1.280185193236676562e+13
1.248121621528955664e+13
1.312024622132987305e+13
1.428910447729515625e+13
1.483700632016490430e+13
1.445852978944259375e+13
1.342966242687574414e+13
1.324247384162008398e+13
1.338443107177444336e+13
1.382277105516990039e+13
1.340187821930751562e+13
1.306311043061920508e+13
1.348905633339305469e+13
1.385154148804084375e+13
1.458960241194739258e+13
1.451251670733167773e+13
1.338332937929302539e+13
1.318483596583767969e+13
1.340951715507875195e+13
1.242838545938160742e+13
1.235800328197926758e+13
1.260240342573975977e+13
1.222655978794217773e+13
1.239607857369634180e+13
1.307502022490157812e+13
1.243471984323074023e+13
1.196392750934117773e+13
1.197810868938681250e+13
1.135519519293065430e+13
1.158544824818605273e+13
1.241886334509571289e+13
1.257042028111863477e+13
1.265995271408885938e+13
1.281931968194772461e+13
1.252599546334810352e+13
1.288031474079661133e+13
1.301385517351474219e+13
1.268149810619709961e+13
1.175392696507698438e+13
1.133276262766633008e+13
1.145681260806288477e+13
1.095010748789379102e+13
1.117025785311277539e+13
1.182933635861786914e+13
1.167345821270149414e+13
1.139123975812890820e+13
1.091183923799979102e+13
1.128325646687308398e+13
1.148887918072187891e+13
1.122033850959857812e+13
1.177937868727105273e+13
1.140472662639135742e+13
1.112070787862543555e+13
1.159832337041908008e+13
1.174440421587683398e+13
1.166966972908986133e+13
1.041652956837251367e+13
1.026320411989981445e+13
1.015475018191556250e+13
1.065341067700896094e+13
1.147311913181101758e+13
1.136477420357229688e+13
1.120123381928234180e+13
1.066692025301034375e+13
1.054050661817739844e+13
1.003628517948854492e+13
1.004067511351187695e+13
1.013026149076172461e+13
1.108225015283746484e+13
1.111331418930634180e+13
1.101453147982236328e+13
1.188337400834016211e+13
1.204221850727637500e+13
1.147742173244197070e+13
1.046606279409977539e+13
1.027190877286444141e+13
1.010618158178849805e+13
1.025338347294740625e+13
1.062159130429759180e+13
1.004943747486611719e+13
9.992602195327253906e+12
9.839826239922244141e+12
9.360338238730564453e+12
9.229985126554429688e+12
9.154005198342789062e+12
1.013012258891376367e+13
1.059107978924125195e+13
1.051577352457048828e+13
1.048528380159516211e+13
1.010315784047830273e+13
1.060022861177822656e+13
1.013560778022468945e+13
9.210010162714494141e+12
9.463576614769892578e+12
9.807826373240216797e+12
8.931688608629664062e+12
8.440351995062674805e+12
8.622706025656706055e+12
9.045431161575906250e+12
9.011625581623697266e+12
9.236545951325394531e+12
9.410706417237880859e+12
9.837274813232701172e+12
9.948498052160103516e+12
9.562125810289048828e+12
8.646869760558281250e+12
8.405918457517825195e+12
8.838888383698937500e+12
9.033911690312496094e+12
8.498628252087867188e+12
8.171054866751515625e+12
8.318814815194835938e+12
8.393244101321390625e+12
8.554035909355526367e+12
7.773404093712539062e+12
7.956747604436938477e+12
8.654980284808948242e+12
8.772197192168489258e+12
8.350956608676307617e+12
8.636661158004754883e+12
8.120667695071708008e+12
8.763365601304028320e+12
8.777995778380887695e+12
8.283237909642213867e+12
8.711465487469531250e+12
8.905944042322107422e+12
8.999201008987822266e+12
8.808806955940607422e+12
8.839762173745197266e+12
7.914393009493532227e+12
7.735457020005757812e+12
7.797247534681820312e+12
7.359708746299187500e+12
6.921916821737921875e+12
7.433512332251315430e+12
8.200816626005672852e+12
8.094811790847243164e+12
7.678790086213387695e+12
7.156634055389653320e+12
6.901235816145987305e+12
7.074905168210838867e+12
7.303103499069174805e+12
7.185340953656207031e+12
7.495052456872487305e+12
7.366328980182372070e+12
6.670467175058699219e+12
