1.018111871330014040e+01
1.108625725494710501e+01
1.167214580047944139e+01
1.250139881877829318e+01
1.347123762453115070e+01
1.391401244618500677e+01
1.393769161519990263e+01
1.423072779893773543e+01
1.423213745310297362e+01
1.382949875613719115e+01
1.383380030592000054e+01
1.402148352748752025e+01
1.410562993039805235e+01
1.413864325702608937e+01
1.435986755717331675e+01
1.449171073966858181e+01
1.454948889495954312e+01
1.506568250155213917e+01
1.535684849744889569e+01
1.550894047025004596e+01
1.559899330770143244e+01
1.566792484957483822e+01
1.610671137792182961e+01
1.628236860417300491e+01
1.626732989833739751e+01
1.632278619359845706e+01
1.652964724290044174e+01
1.643895333607781950e+01
1.662816065687913536e+01
1.666461208110092684e+01
1.652074855294934608e+01
1.624296084805837026e+01
1.590450388249352009e+01
1.588872858001585087e+01
1.603975805452067860e+01
1.620315623001800631e+01
1.592833312074107788e+01
1.542320386670562904e+01
1.578049098956754825e+01
1.647031481401212716e+01
1.664880693916809662e+01
1.662648678278038616e+01
1.625377871028434740e+01
1.586091819307146089e+01
1.613979291860188425e+01
1.669022288003559140e+01
1.685311528288277927e+01
1.722215880890749062e+01
1.723142475585189359e+01
1.683629593794365320e+01
1.695010481092585053e+01
1.750642581740295256e+01
1.750313657852509053e+01
1.744586576193425387e+01
1.752461184984268527e+01
1.744964755027669057e+01
1.737983341487371547e+01
1.752868001474821469e+01
1.796056254382464701e+01
1.836338610751791123e+01
1.874754068586955214e+01
1.860312936987940091e+01
1.792914779661427715e+01
1.779990659433268263e+01
1.819924275133180558e+01
1.830979498333200084e+01
1.832881355161414660e+01
1.806455759999633770e+01
1.755218590562222758e+01
1.746525262302069237e+01
1.755425662453836821e+01
1.735606972656412594e+01
1.710185315741674827e+01
1.698002365609679387e+01
1.718653290524970956e+01
1.740148382117434167e+01
1.753291840729486140e+01
1.805276886893134147e+01
1.871285476334828601e+01
1.856270565905299108e+01
1.838093387918015154e+01
1.861704617287061936e+01
1.860964775120113757e+01
1.907998552943845993e+01
1.911821070524116450e+01
1.851024438208128942e+01
1.822858589168944476e+01
1.859864495238621984e+01
1.898263313721681911e+01
1.864345597610101279e+01
1.813601104584812518e+01
1.813969490506687876e+01
1.830491408827127486e+01
1.815624761695211120e+01
1.851024606947821383e+01
1.890908421434020070e+01
1.856363309381288573e+01
1.876332711401645881e+01
1.956031295741850329e+01
1.975941761257011819e+01
1.948514682899318373e+01
1.944277275241208613e+01
1.963054807199459972e+01
1.999776306762156608e+01
2.050085797830424994e+01
2.089175525393768851e+01
2.102577548553086473e+01
2.054545946070082607e+01
2.010865251271076559e+01
2.039109364977985095e+01
2.077386158517859016e+01
2.099591265555541852e+01
2.087921753173507255e+01
2.091318584020388371e+01
2.135835679013672461e+01
2.100996179895224358e+01
2.042100148619216071e+01
2.072211170929388757e+01
2.098099249307223246e+01
2.081536344962818674e+01
2.073884652449887867e+01
2.104820347723597607e+01
2.149617308608891619e+01
2.172664368223803066e+01
2.143693190893527856e+01
2.112524915825969174e+01
2.114714515465609423e+01
2.077330870291729426e+01
2.073830381724438254e+01
2.078571122833789175e+01
2.054919190688616837e+01
2.033703686907368891e+01
2.026355904613542691e+01
2.048842893490547468e+01
2.098923703654442718e+01
2.133551121456774169e+01
2.152823365948283296e+01
2.143792191496865485e+01
2.135575935430690109e+01
2.142314058991413717e+01
2.138171643337859607e+01
2.091277757528103720e+01
2.091019594572381379e+01
2.140020514488211134e+01
2.155486863942156717e+01
2.139438967937236313e+01
2.148482037025673108e+01
2.149012296301687641e+01
2.170604168008385670e+01
2.214538559456255840e+01
2.215399576890030531e+01
2.196870299622372968e+01
2.237876240204356648e+01
2.248383856404382186e+01
2.248575138090170000e+01
2.240073318708256522e+01
2.219507764717707587e+01
2.269782050722490752e+01
2.297766010992652852e+01
2.298326986861466992e+01
2.278279723401372436e+01
2.232601903567027080e+01
2.247868719330219278e+01
2.241962787018410452e+01
2.204334751525546565e+01
2.242317971911275620e+01
2.302616022751247371e+01
2.348663392291378571e+01
2.379190391860153042e+01
2.383164827025649046e+01
2.346252347360516310e+01
2.311961787859046424e+01
2.328402012837497992e+01
2.294790637977743586e+01
2.239338152082076405e+01
2.214551566763060464e+01
2.246921663515324852e+01
2.317349249220978535e+01
2.323090474497860214e+01
2.265026477877006528e+01
2.235824157992900396e+01
2.272844785972814563e+01
2.325655271527198309e+01
2.313808294294514667e+01
2.311769679358697616e+01
2.354520176417322475e+01
2.354636171258346167e+01
2.310162688563286792e+01
2.304189693812695694e+01
2.314364692454575945e+01
2.329885043812778278e+01
2.348698211655195678e+01
2.350212496503488069e+01
2.386145707226370405e+01
2.399209966409817341e+01
2.377536117231300850e+01
2.388311568922516415e+01
2.458604086189942350e+01
2.457051117676536833e+01
2.461736747905883860e+01
2.479342574765601626e+01
2.428358536131014844e+01
2.410082454732656743e+01
2.447404757673277231e+01
2.436288263890084593e+01
2.407467643135983693e+01
2.393492741573693650e+01
2.397844088879966762e+01
2.446502836650564561e+01
2.436469277818751422e+01
2.420801696457910523e+01
2.464884130785466354e+01
2.474945838164481060e+01
2.483258198865341626e+01
2.549014319808373941e+01
2.566466565771644426e+01
2.541918883272001040e+01
2.516460308179248884e+01
2.503584778551779877e+01
2.547730335367613819e+01
2.606573411784228256e+01
2.604716285913157847e+01
2.554886474659477003e+01
2.552233471455797442e+01
2.584344455356236026e+01
2.570007312189538240e+01
2.545484044846601890e+01
2.589634947664728770e+01
2.596405282747202747e+01
2.605542500975384357e+01
2.648435033012461304e+01
2.678998053569167936e+01
2.712973719510394588e+01
2.725776098354966237e+01
2.685019056613062460e+01
2.627926304011158365e+01
2.644732471823706632e+01
2.692113335142749975e+01
2.675298643456052972e+01
2.631390696306934629e+01
2.640679360357932026e+01
2.644701873611901988e+01
2.672404007681371141e+01
2.696967018692107487e+01
2.690760171268068390e+01
2.682328008051701218e+01
2.665030945340550872e+01
2.644166691416988968e+01
2.639337594661076025e+01
2.672976831496744765e+01
2.679274207085920168e+01
2.702610910180137793e+01
2.708229953006064150e+01
2.703904464329949064e+01
2.709720529626046925e+01
2.686799230521998538e+01
2.728860850496833734e+01
2.779229720077277577e+01
2.797238129713420918e+01
2.802892043190407279e+01
2.793038526615144335e+01
2.800908837820558617e+01
2.832374808648804176e+01
2.857356113509138495e+01
2.832740172874931162e+01
2.823816399022248902e+01
2.831452301828575102e+01
2.784703124856850920e+01
2.753713970279594037e+01
2.752315865324242949e+01
2.757973271251235303e+01
2.720193146159104813e+01
2.719510090234919986e+01
2.712396517563482234e+01
2.701909177506489002e+01
2.737750398010864572e+01
2.772385661906076493e+01
2.784501543471256113e+01
2.792400383977632217e+01
2.791123290295111659e+01
2.743413098476808543e+01
2.743581900371650661e+01
2.800627991341775669e+01
2.865541318893627931e+01
2.868811671300904820e+01
2.807094225987891534e+01
2.805696945781971863e+01
2.850224192259470257e+01
2.878136382413171646e+01
2.914679011716443213e+01
2.946197096062557463e+01
2.972790881980175115e+01
2.967712613137965150e+01
2.958380148103428908e+01
2.960519653284042718e+01
2.930628628549319714e+01
2.927709359537325895e+01
2.899974067111427090e+01
2.928305453486726151e+01
2.951988278936235233e+01
2.921808434101891905e+01
2.915736556560944948e+01
2.894228215076427091e+01
2.870693536033359194e+01
2.898286406029552609e+01
2.930918367728024165e+01
2.974444082602698458e+01
3.025712816973948804e+01
3.067140226497665978e+01
3.079031277301623959e+01
3.039580381546899801e+01
3.022708795407385551e+01
3.005717163390067981e+01
2.939800007927140868e+01
2.904134138530094944e+01
2.909553206023844041e+01
2.925306552215761258e+01
2.928921895547195575e+01
2.972777935726870524e+01
3.029404412378633182e+01
3.083063034288534254e+01
3.119857607158798984e+01
3.153013354474603602e+01
3.152187747363887738e+01
3.148750256004022674e+01
3.125180555137664840e+01
3.072897649739887882e+01
3.071519856713293350e+01
3.070873271895748147e+01
3.090229347860554654e+01
3.089440486309237244e+01
3.098250493496868785e+01
3.110091707908122416e+01
3.093680465218334064e+01
3.120477247271852761e+01
3.124334352745461274e+01
3.100294096458799231e+01
3.096058753791560392e+01
3.057672578496162785e+01
3.055060299824840442e+01
3.061382612750571752e+01
3.036770947811450583e+01
3.056717520307237024e+01
3.078770418946447407e+01
3.080169056427261509e+01
3.075932588818237079e+01
3.119544582874443606e+01
3.158540143542451162e+01
3.155634781780709375e+01
3.174480626686433382e+01
3.160117921326136070e+01
3.183678566358400630e+01
3.255218482376912448e+01
3.297655864449742324e+01
3.276195351527120891e+01
3.211814695815758114e+01
3.164150870004850447e+01
3.167036132665421988e+01
3.218443203981754408e+01
3.242246932801914738e+01
3.242821322570411979e+01
3.221852611246578846e+01
3.242116701702901338e+01
3.263258773463544316e+01
3.247207852981593845e+01
3.224666790057991506e+01
3.178476555528119718e+01
3.167777897787576080e+01
3.222947938632128029e+01
3.245826991867109967e+01
3.245183707546096485e+01
3.304589405280343328e+01
3.325782373583167129e+01
3.322620508420072838e+01
3.349595228239164157e+01
3.343766069046650102e+01
3.306863632997877289e+01
3.337092348232454242e+01
3.368104750101292666e+01
3.380962919815340229e+01
3.423192727070481567e+01
3.421450080877873035e+01
3.376024721179452825e+01
3.356372664992730392e+01
3.339320781267849725e+01
3.325057229251208213e+01
3.335602900856730457e+01
3.315674377879795287e+01
3.302189995649546006e+01
3.317502507406677381e+01
3.377304743850339008e+01
3.417383716707618646e+01
3.429228274210633032e+01
3.465872520249006783e+01
3.463594160141638412e+01
3.432426144424893266e+01
3.432338192524390053e+01
3.448184607951771596e+01
3.477944726321347702e+01
3.464881476067424160e+01
3.456290214646642056e+01
3.465074024522633778e+01
3.436184907913813191e+01
3.453237505043853872e+01
3.466146947774012688e+01
3.447624384148788579e+01
3.430948985340128132e+01
3.434845616899050214e+01
3.505865882038335712e+01
3.535987584910652259e+01
3.558172829238779400e+01
3.534945280587948702e+01
3.487057399622865006e+01
3.475331500344798741e+01
3.481633101949153541e+01
3.506949863001229772e+01
3.529004348045513240e+01
3.564072728451804295e+01
3.578678463117668684e+01
3.578509113197088709e+01
3.522235770796970655e+01
3.508371594939864480e+01
3.500566776211255871e+01
3.448079766878249330e+01
3.421403820397355844e+01
3.445247921027610261e+01
3.505985756480438198e+01
3.537015281872459838e+01
3.562038279159051513e+01
3.561530295821182079e+01
3.545633466984221371e+01
3.577018689736267021e+01
3.587768659080023070e+01
3.605220839948969314e+01
3.643707401335095852e+01
3.668446853246732786e+01
3.680509892647350512e+01
3.622268108118039720e+01
3.581708627792508537e+01
3.565321005882221783e+01
3.564336155428295427e+01
3.579989768599686073e+01
3.553368799718609949e+01
3.577854109976168928e+01
3.645241577352308582e+01
3.644404933352137022e+01
3.631497788525263104e+01
3.690291401260834192e+01
3.738912824422087766e+01
3.741785653283105972e+01
3.725364846170197097e+01
3.721577953772939651e+01
3.707074059009257638e+01
3.688573089522994763e+01
3.653827060660156434e+01
3.633230933884195935e+01
3.652892031224059366e+01
3.717141496333342587e+01
3.749443919669879932e+01
3.736273709795343478e+01
3.726520121604628599e+01
3.760887199330608865e+01
3.785542890744084588e+01
3.792419685325138090e+01
3.785130171993012027e+01
3.785174426610418408e+01
3.827069904746371520e+01
3.827969001308261454e+01
3.785450533527072992e+01
3.773523342300715910e+01
3.784218337451221004e+01
3.779057815430704892e+01
3.801572336163146559e+01
3.767669334879201415e+01
3.764372651059797903e+01
3.784109864962162106e+01
3.767632518749846327e+01
3.747896928351774903e+01
3.739780144769257220e+01
3.741819283746045954e+01
3.746040205992674288e+01
3.802815498527304072e+01
3.830825235641797377e+01
3.841337673692878951e+01
3.882732343852718060e+01
3.927461990308405149e+01
3.903526725486931070e+01
3.853310031174666506e+01
3.843921453398255750e+01
3.865621311148162675e+01
3.908792461167127641e+01
3.941930023144607276e+01
3.940955418832660939e+01
3.929367115658359211e+01
3.934186583104595769e+01
3.911812932763739781e+01
3.921561358297725519e+01
3.969268526708145117e+01
